0.000431
0.000423
0.000393
0.000386
0.000381
0.00038500000000000003
0.000384
0.000339
0.000366
0.00036199999999999996
0.000371
0.00034100000000000005
0.00033800000000000003
0.00035999999999999997
0.000305
0.000339
0.000365
0.000356
0.00031800000000000003
0.00031800000000000003
0.000326
0.000326
0.000326
0.000251
0.000208
0.000188
0.000207
0.00032
0.000325
0.000294
0.000306
0.00033
0.00034599999999999995
0.00034899999999999997
0.00034399999999999996
0.00035499999999999996
0.000356
0.000365
0.00035499999999999996
0.000345
0.000365
0.000356
0.000313
0.000348
0.00035299999999999996
0.000363
0.00036199999999999996
0.000358
0.00035499999999999996
0.000364
0.000342
0.000339
0.00032700000000000003
0.000328
0.000339
0.000345
0.00034899999999999997
0.00032
0.000324
0.000331
0.000326
0.00034
0.000323
0.000319
0.00032900000000000003
0.000319
0.000324
0.000342
0.000326
0.000323
0.000323
0.00031800000000000003
0.00033600000000000004
0.00035
0.000331
0.000339
0.000333
0.000333
0.000337
0.000332
0.000337
0.000332
0.00034
0.000323
0.000325
0.000347
0.00032900000000000003
0.000325
0.000325
0.000319
0.00032700000000000003
0.000324
0.00032
0.00032900000000000003
0.00032900000000000003
0.000326
0.00033
0.000323
0.000335
0.00033
0.00029
0.000297
0.0003
0.000313
0.000313
0.000232
0.000193
0.0003
0.00033600000000000004
0.000324
0.000317
0.000317
0.000315
0.000322
0.000321
0.000314
0.000324
0.000311
0.00032
0.000301
0.000322
0.000313
0.000324
0.000313
0.000321
0.000311
0.000322
0.000311
0.00034599999999999995
0.000347
0.000357
0.000313
0.00027600000000000004
0.00027600000000000004
0.000322
0.000322
0.000322
0.000322
0.000313
0.00031
0.000316
0.00032700000000000003
0.00034
0.000328
0.000325
0.000326
0.000321
0.000328
0.000324
0.000348
0.00032
0.00032700000000000003
0.000321
0.00034899999999999997
0.000323
0.000328
0.000319
0.00032700000000000003
0.000316
0.00032700000000000003
0.00031800000000000003
0.00032700000000000003
0.00033
0.00034599999999999995
0.00034
0.00034899999999999997
0.000339
0.00034599999999999995
0.00034100000000000005
0.00034300000000000004
0.00034
0.000348
0.000347
0.00033800000000000003
0.000347
0.00034
0.00034399999999999996
0.00035099999999999997
0.000316
0.000313
0.000325
0.000322
0.00031800000000000003
0.000319
0.000323
0.000323
0.000322
0.00033600000000000004
0.000322
0.000323
0.00034100000000000005
0.00034100000000000005
0.00033
0.00034
0.00033
0.00032
0.00033800000000000003
0.000319
0.00032
0.00031800000000000003
0.000321
0.000323
0.00032
0.000321
0.000317
0.000325
0.00032
0.00032700000000000003
0.000319
0.000324
0.000324
0.00032
0.00029299999999999997
0.000301
0.000174
0.000184
0.00029
0.000283
0.00028100000000000005
0.00027800000000000004
0.000277
0.000287
0.00028199999999999997
0.00028000000000000003
0.00028100000000000005
0.00028799999999999995
0.000287
0.00028100000000000005
0.000287
0.000283
0.00028100000000000005
0.000285
0.00028100000000000005
0.000257
0.00028100000000000005
0.000289
0.00029499999999999996
0.00031800000000000003
0.000326
0.000326
0.000321
0.000313
0.000308
0.000315
0.000324
0.000314
0.000323
0.000315
0.000324
0.000314
0.000321
0.000312
0.000324
0.000315
0.000324
0.000313
0.000312
0.00031
0.000321
0.000313
0.00032
0.000313
0.000311
0.000314
0.000307
0.00032
0.000305
0.000312
0.000304
0.000316
0.000325
0.000319
0.000323
0.000322
0.000321
0.000322
0.00034
0.000324
0.000322
0.000323
0.000322
0.000319
0.00032
0.00033800000000000003
0.00033400000000000004
0.000335
0.000325
0.00034399999999999996
0.000321
0.000322
0.000322
0.00031800000000000003
0.00033400000000000004
0.000296
0.000256
0.00039
0.000366
0.00028599999999999996
0.00027100000000000003
0.00027100000000000003
0.000322
0.000321
0.000321
0.000324
0.000319
0.000319
0.000337
0.00031800000000000003
0.00031800000000000003
0.00033
0.00035299999999999996
0.00035299999999999996
0.000294
0.000305
0.000296
0.000319
0.00031
0.00032
0.000316
0.000312
0.000326
0.000315
0.000313
0.000307
0.00030199999999999997
0.000313
0.000317
0.000322
0.000313
0.000314
0.000323
0.000312
0.000321
0.000311
0.000321
0.000312
0.000324
0.000314
0.000308
0.000316
0.000322
0.000315
0.000326
0.000314
0.000332
0.00032700000000000003
0.000285
0.000285
0.000304
0.000304
0.000314
0.000314
0.00032
0.000314
0.000321
0.000321
0.000321
0.000301
0.000324
0.000317
0.000326
0.000322
0.00033600000000000004
0.00031800000000000003
0.000321
0.000339
0.000323
0.000321
0.000323
0.00031800000000000003
0.000324
0.000316
0.000321
0.00032
0.000317
0.000325
0.000316
0.000323
0.00032
0.000324
0.000342
0.00031800000000000003
0.000299
0.000319
0.000319
0.00029299999999999997
0.00020999999999999998
0.000221
0.000221
0.000285
0.000345
0.000301
