0.0051849999999999995
0.005221
0.005196
0.005184
0.005203
0.005184
0.005216999999999999
0.00523
0.00522
0.005187000000000001
0.0052190000000000005
0.005187000000000001
0.00522
0.005187000000000001
0.00522
0.005186
0.0052190000000000005
0.005187000000000001
0.00522
0.0051849999999999995
0.0052179999999999995
0.005187000000000001
0.0052190000000000005
0.005186
0.00522
0.0051849999999999995
0.0052179999999999995
0.0051849999999999995
0.005184
0.00522
0.0051849999999999995
0.0052190000000000005
0.005188
0.005182
0.005188
0.0052190000000000005
0.0052179999999999995
0.0051849999999999995
0.005213
0.0051849999999999995
0.005189
0.005222
0.0051849999999999995
0.005216999999999999
0.005182
0.005188
0.005187000000000001
0.0052190000000000005
0.005187000000000001
0.005186
0.0052179999999999995
0.005187000000000001
0.005184
0.005221
0.005184
0.005212
0.005189
0.005222
0.0051849999999999995
0.0052179999999999995
0.005187000000000001
0.00522
0.0051909999999999994
0.00522
0.005187000000000001
0.0052190000000000005
0.005188
0.005221
0.005186
0.0052190000000000005
0.0051909999999999994
0.005224
0.005181
0.005216999999999999
0.00519
0.005222
0.0051909999999999994
0.005223
0.005186
0.0052190000000000005
0.005184
0.005295
0.005187000000000001
0.005224
0.005184
0.005221
0.0051849999999999995
0.005216999999999999
0.0051849999999999995
0.0052179999999999995
0.005182
0.005184
0.005216999999999999
0.005184
0.005216
0.00526
0.005296
0.005184
0.005216999999999999
0.005186
0.00522
0.0051849999999999995
0.005216999999999999
0.005181
0.005216999999999999
0.005186
0.005184
0.005216999999999999
0.0051849999999999995
0.005183
0.00522
0.005184
0.0052179999999999995
0.005183
0.0052190000000000005
0.005187000000000001
0.0052190000000000005
0.005188
0.005221
0.005187000000000001
0.005205
0.005186
0.0052190000000000005
0.005186
0.0052179999999999995
0.005186
0.0052179999999999995
0.0051849999999999995
0.0052179999999999995
0.005187000000000001
0.00522
0.005187000000000001
0.0052190000000000005
0.005186
0.00522
0.005187000000000001
0.00522
0.0051909999999999994
0.005224
0.005186
0.0052190000000000005
0.005187000000000001
0.005216
0.0051849999999999995
0.005216999999999999
0.005187000000000001
0.005221
0.005188
0.005222
0.005186
0.0052190000000000005
0.0052309999999999995
0.0052179999999999995
0.005186
0.00522
0.004988
0.005021
0.005184
0.00522
0.00519
0.005224
0.0051849999999999995
0.0052179999999999995
0.005259000000000001
0.005216
0.005184
0.005221
0.005186
0.0052190000000000005
0.005188
0.0052
0.005187000000000001
0.005221
0.0051849999999999995
0.005221
0.005229
0.005261999999999999
0.005187000000000001
0.0052179999999999995
0.00519
0.005024
0.005163999999999999
0.005196
0.005186
0.0052190000000000005
0.005186
0.0052190000000000005
0.005261999999999999
0.005295
0.005184
0.005216999999999999
0.0051849999999999995
0.0052
0.005188
0.0052320000000000005
0.005163999999999999
0.005223
0.005186
0.0052179999999999995
0.005261999999999999
0.005187000000000001
0.0052190000000000005
0.003169
0.003201
0.005189
0.005189
0.005222
0.005183
0.0052640000000000004
0.00519
0.0052190000000000005
0.005183
0.005216999999999999
0.005184
0.005216
0.005187000000000001
0.00522
0.005186
0.00522
0.005259000000000001
0.005212
0.00522
0.0051920000000000004
0.005224
0.0051660000000000005
0.0052
0.005184
0.005216999999999999
0.005186
0.0052190000000000005
0.005189
0.005222
0.005187000000000001
0.00522
0.005186
0.00522
0.005184
0.005221
0.005184
0.0052179999999999995
0.005182
0.005216
0.005187000000000001
0.00522
0.0051849999999999995
0.005216999999999999
0.0052309999999999995
0.0052640000000000004
0.005187000000000001
0.00522
0.005186
0.00522
0.005167
0.0052
0.005187000000000001
0.00522
0.005188
0.005221
0.005189
0.005222
0.005186
0.0052190000000000005
0.005187000000000001
0.00522
0.005183
0.005221
0.005186
0.0052190000000000005
0.005184
0.005221
0.005189
0.005221
0.0052320000000000005
0.005266
0.005188
0.00522
0.005188
0.005221
0.005188
0.005221
0.0051849999999999995
0.005222
0.0051849999999999995
0.0052179999999999995
0.005186
0.00522
0.005186
0.0052190000000000005
0.005188
0.005221
0.005187000000000001
0.005216
0.005186
0.0052179999999999995
0.005189
0.005207
0.005189
0.0052190000000000005
0.005187000000000001
0.00522
0.005187000000000001
0.00522
0.005184
0.005222
0.005186
0.0052190000000000005
0.005189
0.005222
0.005186
0.0052179999999999995
0.005184
0.0052179999999999995
0.005188
0.00522
0.005186
0.0052179999999999995
0.0051849999999999995
0.005216999999999999
0.005186
0.00522
0.0051909999999999994
0.005224
0.005187000000000001
0.00522
0.005188
0.005221
0.005186
0.0052190000000000005
0.0051849999999999995
0.005223
0.005186
0.0052179999999999995
0.005184
0.0052179999999999995
0.005186
0.005222
0.005188
0.005221
0.0051849999999999995
0.0052190000000000005
0.005186
0.005293
0.005186
0.0052190000000000005
0.005186
0.00522
0.005188
0.00522
0.005186
0.0052190000000000005
0.005186
0.0052179999999999995
0.005186
0.005222
0.0051849999999999995
0.005216999999999999
0.005187000000000001
0.00522
0.0051849999999999995
0.005216999999999999
0.005189
0.005221
0.005188
0.005221
0.005186
0.0052190000000000005
0.005186
0.0052190000000000005
0.005188
0.005221
0.005186
0.00522
0.005183
0.005216999999999999
0.005188
0.005221
0.003192
0.005224
0.005182
0.00522
0.0051849999999999995
0.005222
0.005189
0.005222
0.005188
0.005221
0.0051849999999999995
0.0052179999999999995
0.005187000000000001
0.00522
0.0051849999999999995
0.005222
0.005186
0.0052179999999999995
0.005186
0.00522
0.005188
0.005221
0.005188
0.00522
0.00521
0.005216999999999999
0.005183
0.005216999999999999
0.005186
0.0052179999999999995
0.005186
0.0052179999999999995
0.005186
0.0052190000000000005
0.005187000000000001
0.005221
0.005186
0.0052190000000000005
0.005186
0.005223
0.005186
0.0052190000000000005
0.005184
0.00522
0.005183
0.005216999999999999
0.00519
0.00522
0.005186
0.0052190000000000005
0.0051849999999999995
0.0052190000000000005
0.005186
0.0052190000000000005
0.005184
0.005216999999999999
0.005261
0.005293999999999999
0.005223
0.005183
0.005221
0.005186
0.005187000000000001
0.00522
0.0052179999999999995
0.005188
0.005216
0.005189
0.005222
0.005186
0.005222
0.005183
0.005216
0.005188
0.005221
0.005186
0.00522
0.005187000000000001
0.00522
0.005221
0.0051849999999999995
0.0052179999999999995
0.0052179999999999995
0.005186
0.0052190000000000005
0.005223
0.0051849999999999995
0.005222
0.005183
0.005216
0.0051849999999999995
0.005216999999999999
0.005183
0.005184
0.005216999999999999
0.005187000000000001
0.00522
0.005222
0.005188
0.005221
0.005188
0.0051849999999999995
0.005187000000000001
0.0052190000000000005
0.005186
0.0052190000000000005
0.005186
0.0052179999999999995
0.005186
0.0052179999999999995
0.005259000000000001
0.005184
0.005184
0.005221
0.005184
0.005198
0.005186
0.0052190000000000005
0.00519
0.005223
0.005186
0.00522
0.0051849999999999995
0.005203999999999999
0.005186
0.005203999999999999
0.00519
0.0052179999999999995
0.005188
0.005221
0.005188
0.005222
0.005183
0.005216
0.005719
0.005183
0.00522
0.005186
0.0052179999999999995
0.005234
0.005186
0.00522
0.005199
0.00519
0.0052190000000000005
0.005186
0.00522
0.005187000000000001
0.00522
0.00519
0.005222
0.005186
