.087
.056
.057
.054
.061
.058
.055
.054
.055
.060
.056
.054
.054
.073
.075
.062
.058
.057
.057
.056
.057
.063
.061
.058
.057
.058
.059
.057
.062
.060
.057
.059
.058
.057
.057
.059
.057
.057
.060
.054
.055
.053
.054
.054
.054
.054
.055
.054
.053
.078
.054
.054
.054
.053
.053
.056
.054
.054
.054
.053
.055
.054
.054
.054
.054
.053
.055
.054
.053
.053
.054
.054
.055
.054
.054
.056
.054
.054
.054
.053
.053
.053
.053
.053
.054
.054
.070
.054
.053
.054
.053
.053
.054
.053
.054
.053
.054
.054
.054
.053
