.189
.056
.057
.058
.055
.063
.055
.054
.059
.062
.065
.057
.061
.054
.057
.054
.054
.055
.070
.056
.054
.055
.055
.054
.073
.055
.055
.056
.055
.054
.055
.054
.054
.054
.053
.054
.055
.054
.054
.055
.054
.054
.054
.054
.055
.054
.055
.054
.055
.055
.058
.058
.059
.056
.058
.058
.057
.059
.062
.060
.087
.065
.059
.059
.059
.060
.060
.062
.060
.059
.060
.059
.063
.061
.060
.058
.054
.054
.055
.054
.054
.054
.054
.054
.055
.054
.055
.055
.054
.054
.054
.054
.054
.054
.054
.055
.063
.063
.054
.054
