.130
.072
.071
.083
.073
.090
.073
.072
.072
.080
.072
.074
.085
.071
.072
.070
.072
.071
.073
.074
.072
.072
.072
.072
.072
.070
.070
.072
.073
.073
.075
.073
.075
.074
.073
.072
.072
.074
.073
.075
.092
.077
.078
.077
.082
.076
.075
.076
.075
.075
.080
.081
.075
.075
.074
.076
.075
.076
.071
.071
.072
.076
.076
.071
.075
.083
.077
.079
.071
.070
.070
.071
.071
.071
.070
.071
.071
.073
.075
.077
.075
.076
.075
.079
.081
.076
.076
.076
.080
.085
.085
.083
.081
.103
.077
.076
.078
.075
.094
.075
