.155
.062
.064
.062
.062
.060
.061
.062
.060
.062
.063
.060
.061
.060
.060
.062
.061
.061
.060
.060
.061
.063
.075
.064
.065
.065
.067
.065
.068
.068
.064
.086
.080
.064
.065
.068
.068
.063
.063
.081
.077
.065
.070
.065
.065
.062
.063
.064
.067
.072
.066
.067
.113
.064
.063
.063
.064
.063
.061
.062
.063
.061
.059
.062
.061
.058
.059
.058
.059
.059
.059
.058
.058
.058
.061
.065
.081
.071
.062
.069
.067
.066
.066
.063
.091
.064
.061
.061
.064
.061
.062
.062
.060
.060
.061
.060
.059
.059
.060
.061
