.073
.059
.058
.063
.058
.059
.057
.060
.069
.059
.055
.054
.054
.054
.054
.054
.056
.056
.054
.060
.055
.054
.055
.054
.065
.061
.054
.055
.055
.056
.054
.055
.055
.057
.057
.055
.061
.057
.057
.056
.058
.055
.054
.055
.054
.058
.057
.056
.055
.059
.056
.055
.055
.058
.056
.055
.055
.055
.057
.056
.068
.060
.055
.057
.058
.056
.057
.058
.058
.063
.062
.059
.058
.059
.059
.059
.057
.057
.056
.059
.057
.056
.055
.055
.054
.054
.055
.056
.055
.062
.071
.059
.053
.054
.053
.065
.065
.055
.054
.053
