.234
.059
.057
.058
.055
.054
.054
.056
.054
.054
.054
.060
.056
.058
.058
.056
.055
.054
.055
.054
.056
.055
.056
.054
.054
.054
.054
.055
.054
.055
.056
.054
.054
.068
.056
.055
.055
.056
.055
.055
.054
.055
.054
.061
.058
.078
.058
.062
.062
.059
.058
.058
.064
.062
.059
.059
.061
.060
.062
.071
.058
.058
.057
.058
.058
.059
.061
.075
.064
.060
.061
.064
.061
.059
.059
.059
.059
.058
.059
.063
.069
.061
.056
.061
.056
.056
.055
.055
.054
.055
.055
.054
.054
.054
.055
.057
.055
.055
.054
.054
