.087
.074
.075
.072
.073
.073
.072
.073
.072
.072
.074
.075
.077
.077
.080
.083
.081
.078
.078
.075
.074
.080
.078
.091
.079
.105
.096
.079
.076
.078
.075
.074
.075
.077
.075
.076
.077
.077
.075
.074
.074
.075
.079
.077
.078
.075
.073
.076
.074
.076
.075
.087
.074
.074
.073
.073
.075
.078
.077
.073
.074
.075
.076
.078
.075
.073
.073
.073
.073
.074
.074
.077
.079
.075
.077
.078
.074
.076
.102
.091
.077
.077
.078
.074
.074
.073
.074
.073
.075
.071
.076
.074
.072
.073
.072
.072
.073
.075
.074
.072
