.194
.061
.057
.056
.056
.055
.055
.057
.087
.059
.058
.058
.056
.055
.059
.056
.057
.059
.058
.063
.062
.058
.058
.058
.056
.056
.057
.056
.067
.058
.056
.056
.056
.055
.055
.055
.056
.056
.057
.056
.058
.056
.057
.057
.059
.058
.058
.061
.059
.059
.058
.060
.060
.065
.061
.061
.060
.059
.060
.059
.063
.069
.074
.063
.060
.059
.056
.057
.058
.060
.059
.061
.059
.060
.061
.061
.065
.062
.061
.061
.062
.061
.061
.063
.070
.059
.060
.058
.056
.055
.055
.055
.056
.055
.055
.056
.060
.058
.055
.055
