.213
.064
.063
.062
.077
.069
.068
.058
.062
.056
.055
.055
.055
.058
.058
.065
.058
.062
.056
.056
.056
.056
.103
.056
.056
.056
.056
.056
.056
.055
.055
.056
.055
.055
.056
.056
.055
.055
.056
.055
.055
.055
.055
.055
.055
.056
.058
.056
.056
.055
.055
.060
.056
.055
.055
.055
.056
.058
.090
.055
.055
.055
.055
.055
.055
.056
.055
.055
.055
.056
.055
.056
.055
.055
.055
.055
.055
.055
.059
.055
.055
.055
.056
.056
.055
.056
.055
.059
.065
.056
.057
.057
.055
.055
.086
.056
.055
.055
.055
.055
