.525
.464
.415
.427
.531
.397
.388
.618
.581
.503
.624
.621
.540
.484
.445
.432
.475
.430
.426
.452
.430
.462
.419
.420
.441
.442
.436
.452
.447
.440
.451
.429
.425
.415
.429
.477
.427
.423
.447
.452
.458
.612
.440
.430
.498
.466
.472
.466
.472
.442
.429
.424
.439
.484
.437
.460
.491
.443
.402
.423
.564
.454
.493
.411
.407
.413
.407
.442
.415
.408
.412
.414
.437
.411
.411
.415
.406
.424
.410
.419
.433
.417
.425
.416
.599
.685
.581
.436
.437
.427
.469
.417
.422
.443
.423
.451
.429
.464
.463
.444
