.999
.768
.700
.738
.706
1.069
.737
.742
.763
.732
.751
.773
.760
.764
.788
.747
.788
.747
.772
.842
1.066
.832
.760
.770
1.008
.792
.809
.763
.773
.809
.775
.822
.773
.762
.801
.765
.769
.808
.785
.824
.786
.786
.866
.785
.840
.792
.800
.936
.881
1.061
.828
.993
.793
.879
.906
.828
.929
.835
.796
.836
.802
.861
.893
.829
.889
.857
.972
.927
.917
.887
.929
.916
.982
.970
.847
.923
.838
.911
.817
.808
.860
.852
.859
.819
.816
.860
.810
.867
.842
.825
.857
.817
.914
.821
.910
.858
.878
.902
.844
.902
