1.372
1.160
1.117
1.125
1.106
1.140
1.141
1.154
1.122
1.167
1.174
1.146
1.346
1.159
1.196
1.197
1.213
1.248
1.168
1.217
1.168
1.217
1.234
1.199
1.226
1.187
1.243
1.220
1.235
1.252
1.202
1.264
1.211
1.247
1.274
1.206
1.252
1.218
1.233
1.289
1.243
1.263
1.267
1.229
1.291
1.240
1.276
1.275
1.228
1.291
1.245
1.280
1.288
1.238
1.293
1.273
1.377
1.301
1.248
1.315
1.301
1.252
1.288
1.268
1.259
1.299
1.401
1.343
1.316
1.256
1.290
1.322
1.250
1.304
1.269
1.307
1.331
1.302
1.549
1.357
1.309
1.338
1.312
1.275
1.327
1.276
1.329
1.313
1.372
1.377
1.337
1.279
1.329
1.357
1.297
1.334
1.299
1.306
1.333
1.303
