114.0
103.0
117.0
108.0
113.0
105.0
117.0
107.0
116.0
103.0
114.0
105.0
117.0
108.0
114.0
103.0
115.0
106.0
113.0
129.0
114.0
104.0
114.0
108.0
115.0
107.0
117.0
103.0
115.0
107.0
114.0
107.0
114.0
103.0
111.0
107.0
116.0
107.0
115.0
104.0
114.0
105.0
112.0
104.0
113.0
104.0
113.0
105.0
114.0
104.0
115.0
108.0
113.0
107.0
114.0
104.0
114.0
103.0
116.0
103.0
115.0
106.0
114.0
114.0
106.0
113.0
117.0
108.0
115.0
106.0
113.0
114.0
104.0
117.0
104.0
105.0
113.0
108.0
114.0
104.0
113.0
107.0
116.0
117.0
105.0
113.0
106.0
113.0
108.0
113.0
112.0
104.0
112.0
106.0
115.0
104.0
114.0
104.0
115.0
104.0
112.0
105.0
115.0
106.0
116.0
107.0
112.0
108.0
114.0
106.0
116.0
105.0
117.0
105.0
113.0
105.0
115.0
104.0
113.0
108.0
112.0
107.0
113.0
103.0
114.0
108.0
115.0
104.0
117.0
107.0
114.0
104.0
116.0
105.0
112.0
104.0
117.0
104.0
116.0
107.0
117.0
133.0
112.0
104.0
115.0
106.0
114.0
131.0
115.0
104.0
114.0
104.0
114.0
104.0
114.0
106.0
114.0
106.0
115.0
103.0
114.0
104.0
111.0
104.0
111.0
107.0
114.0
107.0
112.0
108.0
116.0
107.0
115.0
108.0
113.0
105.0
112.0
106.0
116.0
133.0
113.0
97.0
113.0
104.0
113.0
104.0
115.0
108.0
114.0
104.0
114.0
105.0
114.0
104.0
115.0
108.0
115.0
107.0
115.0
104.0
116.0
105.0
113.0
103.0
113.0
104.0
113.0
108.0
115.0
104.0
115.0
107.0
113.0
104.0
113.0
104.0
113.0
105.0
117.0
104.0
115.0
106.0
113.0
105.0
113.0
106.0
112.0
104.0
112.0
106.0
116.0
104.0
114.0
131.0
114.0
104.0
115.0
104.0
113.0
106.0
116.0
109.0
112.0
129.0
115.0
102.0
114.0
107.0
113.0
107.0
112.0
107.0
114.0
106.0
113.0
104.0
113.0
104.0
112.0
146.0
117.0
106.0
112.0
108.0
114.0
108.0
117.0
106.0
114.0
108.0
114.0
109.0
116.0
107.0
114.0
106.0
111.0
104.0
113.0
103.0
117.0
134.0
115.0
104.0
115.0
104.0
115.0
107.0
111.0
105.0
117.0
104.0
113.0
129.0
112.0
114.0
131.0
104.0
117.0
105.0
114.0
106.0
116.0
104.0
112.0
104.0
116.0
104.0
113.0
105.0
111.0
108.0
112.0
108.0
111.0
104.0
114.0
103.0
114.0
106.0
113.0
104.0
113.0
106.0
112.0
108.0
117.0
106.0
115.0
106.0
112.0
105.0
113.0
106.0
117.0
108.0
114.0
109.0
114.0
105.0
115.0
105.0
116.0
104.0
115.0
108.0
113.0
106.0
113.0
107.0
110.0
104.0
116.0
106.0
116.0
104.0
116.0
106.0
115.0
104.0
115.0
108.0
116.0
105.0
112.0
103.0
114.0
109.0
112.0
108.0
112.0
104.0
115.0
104.0
115.0
104.0
114.0
104.0
116.0
104.0
115.0
104.0
115.0
105.0
114.0
106.0
116.0
103.0
114.0
107.0
115.0
105.0
114.0
105.0
112.0
104.0
113.0
130.0
115.0
103.0
117.0
106.0
117.0
107.0
113.0
104.0
112.0
104.0
114.0
109.0
113.0
108.0
115.0
104.0
111.0
105.0
114.0
107.0
117.0
104.0
113.0
108.0
114.0
108.0
116.0
107.0
113.0
106.0
116.0
104.0
116.0
108.0
113.0
104.0
115.0
103.0
117.0
133.0
114.0
104.0
114.0
108.0
115.0
107.0
114.0
107.0
117.0
133.0
114.0
104.0
112.0
103.0
117.0
132.0
111.0
102.0
113.0
104.0
115.0
105.0
113.0
105.0
113.0
104.0
112.0
109.0
113.0
133.0
114.0
95.0
116.0
132.0
114.0
104.0
114.0
108.0
112.0
104.0
117.0
104.0
112.0
105.0
116.0
104.0
115.0
106.0
113.0
107.0
112.0
105.0
114.0
104.0
111.0
104.0
116.0
104.0
116.0
104.0
113.0
107.0
113.0
105.0
115.0
104.0
115.0
108.0
141.0
128.0
113.0
129.0
115.0
106.0
114.0
106.0
113.0
130.0
112.0
108.0
117.0
108.0
116.0
103.0
113.0
105.0
117.0
107.0
111.0
107.0
112.0
105.0
112.0
106.0
113.0
105.0
112.0
103.0
113.0
104.0
115.0
103.0
111.0
108.0
115.0
107.0
112.0
104.0
115.0
132.0
116.0
103.0
116.0
133.0
115.0
108.0
116.0
104.0
115.0
105.0
114.0
105.0
113.0
103.0
114.0
103.0
115.0
109.0
113.0
104.0
113.0
106.0
116.0
108.0
115.0
104.0
116.0
107.0
116.0
104.0
117.0
108.0
113.0
104.0
115.0
107.0
111.0
104.0
117.0
134.0
113.0
108.0
117.0
106.0
115.0
107.0
114.0
131.0
114.0
105.0
113.0
131.0
113.0
108.0
114.0
106.0
113.0
106.0
115.0
108.0
113.0
108.0
112.0
108.0
114.0
105.0
111.0
