33.0
34.0
30.0
33.0
37.0
30.0
35.0
34.0
34.0
34.0
30.0
33.0
34.0
34.0
35.0
68.0
29.0
34.0
34.0
35.0
34.0
30.0
37.0
29.0
34.0
35.0
34.0
34.0
63.0
34.0
34.0
34.0
34.0
34.0
34.0
33.0
64.0
33.0
34.0
34.0
34.0
34.0
34.0
66.0
34.0
30.0
35.0
34.0
35.0
30.0
33.0
33.0
35.0
33.0
35.0
30.0
33.0
34.0
34.0
32.0
34.0
34.0
32.0
34.0
34.0
34.0
33.0
33.0
34.0
33.0
34.0
34.0
34.0
34.0
32.0
33.0
34.0
30.0
34.0
34.0
35.0
34.0
34.0
29.0
34.0
34.0
33.0
33.0
34.0
34.0
34.0
34.0
34.0
30.0
34.0
34.0
34.0
35.0
30.0
33.0
34.0
34.0
33.0
35.0
34.0
30.0
37.0
30.0
33.0
34.0
34.0
35.0
34.0
30.0
34.0
35.0
30.0
35.0
34.0
34.0
34.0
33.0
34.0
34.0
30.0
34.0
32.0
34.0
35.0
34.0
31.0
33.0
33.0
33.0
34.0
33.0
34.0
34.0
33.0
33.0
34.0
32.0
35.0
34.0
34.0
30.0
34.0
33.0
34.0
33.0
34.0
34.0
33.0
33.0
34.0
34.0
35.0
30.0
33.0
33.0
34.0
33.0
33.0
34.0
33.0
35.0
34.0
34.0
30.0
34.0
33.0
34.0
33.0
34.0
34.0
34.0
34.0
33.0
33.0
34.0
30.0
34.0
33.0
66.0
34.0
33.0
34.0
33.0
35.0
34.0
33.0
33.0
34.0
34.0
30.0
33.0
35.0
33.0
34.0
35.0
33.0
30.0
34.0
33.0
33.0
37.0
30.0
34.0
36.0
30.0
35.0
34.0
34.0
33.0
30.0
34.0
34.0
33.0
33.0
34.0
34.0
33.0
35.0
33.0
31.0
35.0
35.0
30.0
33.0
34.0
33.0
34.0
36.0
34.0
29.0
34.0
33.0
33.0
34.0
33.0
34.0
34.0
34.0
34.0
34.0
30.0
35.0
35.0
33.0
30.0
67.0
33.0
37.0
30.0
34.0
33.0
34.0
33.0
35.0
34.0
34.0
30.0
33.0
34.0
33.0
33.0
34.0
33.0
35.0
34.0
34.0
30.0
37.0
30.0
34.0
35.0
33.0
34.0
30.0
34.0
34.0
35.0
31.0
34.0
35.0
30.0
34.0
34.0
33.0
33.0
34.0
33.0
33.0
66.0
34.0
33.0
33.0
34.0
34.0
32.0
34.0
34.0
33.0
35.0
34.0
31.0
34.0
34.0
35.0
30.0
34.0
34.0
35.0
33.0
31.0
33.0
34.0
33.0
36.0
30.0
34.0
34.0
34.0
34.0
34.0
30.0
34.0
34.0
34.0
33.0
34.0
34.0
31.0
34.0
33.0
34.0
35.0
34.0
30.0
34.0
34.0
35.0
29.0
35.0
34.0
35.0
30.0
34.0
34.0
33.0
35.0
34.0
30.0
35.0
35.0
30.0
37.0
30.0
37.0
32.0
33.0
30.0
36.0
34.0
34.0
30.0
35.0
35.0
34.0
30.0
35.0
35.0
33.0
31.0
33.0
33.0
36.0
34.0
30.0
35.0
34.0
30.0
37.0
31.0
33.0
35.0
34.0
34.0
30.0
34.0
33.0
35.0
35.0
30.0
35.0
35.0
30.0
34.0
35.0
34.0
33.0
31.0
35.0
35.0
33.0
30.0
35.0
33.0
35.0
65.0
34.0
34.0
30.0
35.0
34.0
33.0
33.0
35.0
34.0
30.0
35.0
35.0
30.0
34.0
32.0
34.0
34.0
33.0
34.0
34.0
33.0
36.0
29.0
35.0
35.0
29.0
34.0
33.0
34.0
34.0
35.0
35.0
33.0
30.0
34.0
34.0
34.0
34.0
33.0
34.0
31.0
34.0
35.0
33.0
33.0
34.0
31.0
35.0
34.0
33.0
33.0
34.0
31.0
33.0
33.0
33.0
35.0
35.0
30.0
33.0
38.0
31.0
34.0
33.0
34.0
33.0
34.0
30.0
34.0
41.0
26.0
34.0
34.0
33.0
35.0
31.0
33.0
34.0
35.0
33.0
29.0
35.0
36.0
34.0
30.0
33.0
35.0
35.0
33.0
33.0
34.0
32.0
35.0
30.0
33.0
35.0
34.0
34.0
34.0
30.0
33.0
35.0
35.0
64.0
35.0
34.0
30.0
34.0
35.0
33.0
35.0
29.0
37.0
34.0
34.0
31.0
33.0
34.0
35.0
30.0
34.0
35.0
34.0
33.0
33.0
34.0
30.0
34.0
35.0
35.0
32.0
31.0
34.0
69.0
30.0
36.0
34.0
33.0
32.0
34.0
35.0
33.0
30.0
34.0
34.0
35.0
33.0
33.0
31.0
35.0
34.0
32.0
34.0
34.0
33.0
34.0
31.0
34.0
35.0
33.0
34.0
30.0
36.0
31.0
35.0
34.0
32.0
35.0
31.0
34.0
34.0
34.0
34.0
29.0
35.0
33.0
35.0
35.0
30.0
33.0
35.0
66.0
34.0
35.0
33.0
30.0
35.0
35.0
30.0
33.0
35.0
33.0
34.0
33.0
34.0
34.0
34.0
34.0
31.0
35.0
33.0
31.0
33.0
34.0
34.0
35.0
30.0
34.0
34.0
34.0
33.0
34.0
65.0
33.0
33.0
34.0
33.0
34.0
34.0
66.0
34.0
35.0
30.0
33.0
34.0
34.0
34.0
35.0
33.0
31.0
35.0
29.0
40.0
31.0
33.0
33.0
34.0
35.0
30.0
33.0
34.0
34.0
33.0
34.0
34.0
34.0
30.0
33.0
36.0
34.0
31.0
34.0
33.0
36.0
30.0
33.0
33.0
37.0
33.0
30.0
36.0
31.0
34.0
34.0
32.0
34.0
35.0
35.0
30.0
34.0
33.0
35.0
34.0
33.0
30.0
35.0
34.0
35.0
63.0
35.0
35.0
33.0
30.0
34.0
68.0
35.0
32.0
35.0
30.0
35.0
36.0
32.0
34.0
36.0
30.0
33.0
34.0
33.0
34.0
30.0
34.0
33.0
34.0
31.0
35.0
35.0
29.0
39.0
30.0
34.0
34.0
32.0
34.0
34.0
32.0
47.0
22.0
31.0
34.0
34.0
35.0
30.0
34.0
33.0
34.0
33.0
35.0
34.0
30.0
34.0
35.0
34.0
33.0
34.0
34.0
30.0
34.0
32.0
34.0
33.0
34.0
33.0
34.0
34.0
35.0
63.0
34.0
62.0
39.0
34.0
34.0
67.0
33.0
34.0
30.0
34.0
33.0
67.0
33.0
35.0
34.0
31.0
68.0
35.0
30.0
33.0
34.0
34.0
34.0
34.0
34.0
30.0
34.0
34.0
34.0
34.0
34.0
33.0
30.0
35.0
33.0
34.0
35.0
33.0
30.0
69.0
34.0
34.0
33.0
34.0
33.0
33.0
34.0
31.0
34.0
34.0
34.0
30.0
34.0
35.0
34.0
33.0
34.0
30.0
34.0
35.0
34.0
33.0
34.0
33.0
34.0
30.0
34.0
34.0
34.0
33.0
34.0
34.0
33.0
31.0
33.0
34.0
35.0
34.0
33.0
34.0
63.0
34.0
35.0
36.0
30.0
33.0
34.0
33.0
34.0
34.0
33.0
34.0
33.0
33.0
33.0
34.0
33.0
34.0
33.0
34.0
30.0
35.0
34.0
34.0
33.0
34.0
30.0
34.0
33.0
34.0
34.0
35.0
30.0
34.0
34.0
33.0
35.0
