0.000146
0.000176
0.00015
0.00015
0.000136
0.00011
0.00015099999999999998
0.000177
6.8e-05
0.00011300000000000001
0.00016800000000000002
0.00017199999999999998
0.000205
0.000187
0.000187
0.000164
0.000131
0.00010499999999999999
0.000195
0.00018099999999999998
0.000132
0.000132
5.9e-05
0.0001
0.000182
0.000223
0.000192
0.00011999999999999999
8.8e-05
0.000147
0.000178
0.000153
0.000121
0.00017999999999999998
0.00019800000000000002
0.000103
0.000152
0.000174
0.00019700000000000002
0.00019600000000000002
0.000187
0.000187
0.00016800000000000002
0.000201
0.000145
0.000177
0.0002
0.000136
0.000229
0.00023899999999999998
0.000179
0.000179
0.000219
0.000132
0.000205
0.000223
0.000182
0.000213
0.00018099999999999998
0.000178
0.000118
0.000155
0.00016800000000000002
0.00016800000000000002
0.000191
0.000158
8.5e-05
0.00018099999999999998
0.000223
0.000191
0.00017299999999999998
0.00023300000000000003
0.000133
0.00016900000000000002
0.000201
0.000178
0.00020899999999999998
0.00014000000000000001
0.00017199999999999998
0.000171
0.000158
0.000213
0.000231
0.00016800000000000002
0.000186
0.00021799999999999999
0.000187
0.000187
0.000128
0.000128
0.000164
0.000195
0.00022600000000000002
0.000156
0.00022
0.00016
0.000155
0.000155
0.00015900000000000002
0.00019
0.00015900000000000002
0.00015
0.000163
0.0002
0.000118
0.000188
0.000184
0.000211
0.000126
0.000162
9.7e-05
0.000124
0.00016
0.000155
0.00022
0.000247
0.000279
0.000229
0.000129
0.000224
0.000201
0.000164
0.000201
0.000125
0.000121
0.00019
0.000212
0.000212
0.000225
0.000157
0.000106
0.00016
0.000133
0.00022
0.00022
0.000224
0.000214
0.000223
0.000183
0.00018099999999999998
0.000213
0.000232
0.000223
0.000237
0.000237
0.000252
0.000252
0.000164
0.0002
0.00025
0.000259
0.00028599999999999996
0.000312
0.000216
0.000186
0.000186
0.000191
0.00013900000000000002
0.000202
0.000213
0.000213
0.000183
0.000164
0.000129
0.000129
0.000193
0.000171
0.00017199999999999998
0.000231
0.000178
0.000205
0.000253
0.00023899999999999998
0.000182
0.000186
0.000205
0.000147
0.000213
0.000208
0.000225
0.000257
0.000203
0.00017999999999999998
0.00017999999999999998
0.00020899999999999998
0.000231
0.00023999999999999998
0.000184
0.000242
0.000178
0.000264
0.00015
0.00015
0.000203
0.000228
0.000258
0.000248
0.000147
0.000211
0.000243
0.000241
0.000219
0.000187
0.000192
0.00022700000000000002
0.000258
0.00023999999999999998
0.0002
0.000201
0.000223
0.000252
0.000261
0.00023400000000000002
0.000133
0.000185
0.00022
0.00020999999999999998
0.00023300000000000003
0.00023300000000000003
0.00018099999999999998
0.00022700000000000002
0.000191
0.00023999999999999998
0.000214
0.000214
0.000192
0.000205
0.00021799999999999999
0.000245
0.00023300000000000003
0.000251
0.00017299999999999998
0.000206
0.000199
0.000231
0.00017299999999999998
0.00017299999999999998
0.000208
0.00019600000000000002
0.000251
0.00019800000000000002
0.00023400000000000002
0.000203
0.000225
0.000203
0.000225
0.000262
0.000257
0.000225
0.000207
0.000229
0.000207
0.000208
0.00019700000000000002
0.000207
0.000248
0.000289
0.000257
0.000244
0.000248
0.000206
0.000165
0.000223
0.00021799999999999999
0.000228
0.000251
0.000251
0.00028199999999999997
0.000249
0.000164
0.000164
0.000164
0.00019700000000000002
0.00026000000000000003
0.000221
0.000263
0.000258
0.00019800000000000002
0.000103
0.00017
0.000228
0.000296
0.000273
0.00027100000000000003
0.00023400000000000002
0.000231
0.000204
0.00023999999999999998
0.000195
0.00017299999999999998
0.00014299999999999998
0.000212
0.000208
0.000204
0.00027
0.000247
0.000279
0.00025
0.00023300000000000003
0.000292
0.00023300000000000003
0.00026000000000000003
0.00021799999999999999
0.000232
0.000228
0.00026000000000000003
0.000265
0.000272
0.000203
0.00019
0.00023300000000000003
0.000193
0.000221
0.000193
0.00017
0.000203
0.00017999999999999998
0.000257
0.000231
0.00019600000000000002
0.00016900000000000002
0.000249
0.00026700000000000004
0.00023
0.00023
0.00016700000000000002
0.00016700000000000002
0.000136
0.000136
0.000191
0.000195
0.00021799999999999999
0.000287
0.000247
0.000245
0.000258
0.00028599999999999996
0.000235
0.000189
0.0002
0.000232
0.000245
0.000245
0.00019600000000000002
0.000165
0.000193
0.000179
0.00019600000000000002
0.000251
0.00027800000000000004
0.000162
0.00016700000000000002
0.000203
0.00023
0.000258
0.000225
0.000225
0.000183
0.00022
0.000249
0.000165
0.000224
0.000255
0.000247
0.000259
0.00028199999999999997
0.00028199999999999997
0.000264
0.00022700000000000002
0.000219
0.000242
0.000264
0.000204
0.0002
0.000201
0.000165
0.00019700000000000002
0.000201
0.000224
0.000253
0.00019700000000000002
0.00017999999999999998
0.000212
0.000223
0.00015900000000000002
0.000228
0.000228
0.000223
0.000223
0.00014299999999999998
0.00023400000000000002
0.000215
0.00019600000000000002
0.000252
0.00026700000000000004
0.00029099999999999997
0.00029
0.000179
0.000184
0.000244
0.000225
0.000243
0.00027
0.000275
0.000257
0.000248
0.000308
0.00023
0.00023
0.00013800000000000002
0.000221
0.000263
0.000262
0.000224
0.000256
0.000265
0.000237
0.000229
0.000237
0.00027
0.000279
0.000237
0.000273
0.000204
0.000236
0.000211
0.000247
0.000225
0.000225
0.000292
0.00023899999999999998
0.000243
0.000266
0.000207
0.000235
0.00023899999999999998
0.000212
0.000229
0.000247
0.000279
0.000311
0.000228
0.00023799999999999998
0.000228
0.000283
0.00023300000000000003
0.000201
0.000265
0.000297
0.000246
0.00023300000000000003
0.00025
0.00025
0.000272
0.00026700000000000004
0.000216
0.00022
0.000229
0.00027
0.0002
0.000223
0.000232
0.000232
0.000301
0.00035999999999999997
0.000316
0.000316
0.000324
0.000325
0.000367
0.000335
0.000382
0.00035499999999999996
0.000297
0.00032900000000000003
0.00027
0.000342
0.00032
0.000347
0.00034300000000000004
0.00034599999999999995
0.00031
0.00037
0.000374
0.000324
0.00035099999999999997
0.000368
0.000397
0.00046600000000000005
0.00038700000000000003
0.000383
0.000456
0.000388
0.00041999999999999996
0.00041999999999999996
0.000357
0.00037
0.00040300000000000004
0.000406
0.00040100000000000004
0.00040100000000000004
0.000406
0.000406
0.00044500000000000003
0.000404
0.000368
0.00040100000000000004
0.000433
0.000433
0.000389
0.00040300000000000004
0.000458
0.000495
0.000503
0.00047
0.000493
0.000507
0.000443
0.00045200000000000004
0.000502
0.000494
0.000488
0.000489
0.000531
0.000503
0.000472
0.00049
0.000467
0.00046600000000000005
0.000423
0.000434
0.000475
0.000475
0.000435
0.0005250000000000001
0.00053
0.000477
0.0005600000000000001
0.0005600000000000001
0.000569
0.000589
0.000505
0.0005380000000000001
0.000569
0.000592
0.0005610000000000001
0.00058
0.000612
0.000528
0.00055
0.0005290000000000001
0.000528
0.000528
0.000626
0.000626
0.000566
0.0005570000000000001
0.0005570000000000001
0.0005629999999999999
0.000627
0.000646
0.0006490000000000001
0.000704
0.000647
0.00066
0.000687
0.000652
0.000656
0.000678
0.0005899999999999999
0.0005899999999999999
0.000723
0.000656
0.000656
0.000605
0.0006630000000000001
0.00065
0.0006720000000000001
0.0006580000000000001
0.0006450000000000001
0.000617
0.000643
0.00067
0.0007059999999999999
0.000733
0.0007199999999999999
0.0007880000000000001
0.000678
0.0006730000000000001
0.0007790000000000001
0.000716
0.000745
0.000777
0.000745
0.000705
0.000719
0.0007
0.000754
0.000728
0.000699
0.0006879999999999999
0.0006590000000000001
0.000699
0.000708
0.00074
0.000767
0.000767
0.0008020000000000001
0.000796
0.000859
0.0008179999999999999
0.000823
0.0008359999999999999
0.000869
0.000796
0.000834
0.0007790000000000001
0.000816
0.000834
0.000789
0.000825
0.0007930000000000001
0.000794
0.000808
0.000789
0.000766
0.000808
0.0008309999999999999
0.000762
0.000798
0.0008349999999999999
0.0008399999999999999
0.000868
0.000873
0.000901
0.000843
0.000902
0.0008719999999999999
0.000909
0.000898
0.000898
0.000905
0.000905
0.0009419999999999999
0.000887
0.000846
0.000846
0.0008100000000000001
0.0008100000000000001
0.0008169999999999999
0.000866
0.000853
0.000874
0.000842
0.000877
0.0009040000000000001
0.000964
0.0009469999999999999
0.000869
0.000898
0.000912
0.000921
0.000916
0.00092
0.0009559999999999999
0.000919
0.000937
0.000911
0.0009559999999999999
0.000915
0.0009559999999999999
0.000923
0.0009360000000000001
0.000914
0.0008169999999999999
0.000919
0.000887
0.000897
0.000973
0.00095
0.000955
0.001024
0.001024
0.0009739999999999999
0.000978
0.0009809999999999999
0.000999
0.0009809999999999999
0.0010760000000000001
0.001103
0.0011339999999999998
0.00117
0.000996
0.001032
0.000975
0.000979
0.000975
0.0009180000000000001
0.000977
0.000977
0.000982
0.000987
0.00098
0.000912
0.00092
0.0009469999999999999
0.0009519999999999999
0.000948
0.0009559999999999999
0.0009559999999999999
0.000982
0.000954
0.000995
0.001001
0.00094
0.000972
0.000954
0.0009509999999999999
