0.00126
0.001252
0.00126
0.001258
0.001254
0.001261
0.001253
0.0012649999999999998
0.0012629999999999998
0.001264
0.001248
0.001262
0.00125
0.001259
0.00125
0.001264
0.001264
0.001253
0.001264
0.001296
0.001264
0.00126
0.001253
0.0012629999999999998
0.001261
0.001253
0.0012649999999999998
0.001261
0.0012629999999999998
0.001252
0.001251
0.001252
0.0012629999999999998
0.001262
0.001258
0.001251
0.001259
0.001256
0.001262
0.001259
0.001254
0.001261
0.001251
0.001261
0.001262
0.001264
0.001253
0.001264
0.001262
0.0013
0.0012629999999999998
0.00125
0.001252
0.0012629999999999998
0.00126
0.001262
0.0012549999999999998
0.0012649999999999998
0.0012569999999999999
0.001279
0.001253
0.001264
0.001253
0.001247
0.001259
0.001264
0.001295
0.001258
0.001296
0.0012629999999999998
0.001295
0.001289
0.0012980000000000001
0.001261
0.0012929999999999999
0.001259
0.0012629999999999998
0.001295
0.001261
0.001294
0.001262
0.001295
0.001262
0.001295
0.001261
0.001295
0.0012569999999999999
0.001295
0.001262
0.001299
0.001261
0.001294
0.001261
0.0012929999999999999
0.0012629999999999998
0.001296
0.001262
0.001295
0.001294
0.00126
0.0012929999999999999
0.00126
0.0012929999999999999
0.001262
0.001295
0.001261
0.001294
0.001294
0.001259
0.001296
0.001264
0.001261
0.0012929999999999999
0.001294
0.0012629999999999998
0.001295
0.001278
0.001262
0.001261
0.001259
0.0012909999999999998
0.001259
0.001295
0.001259
0.001295
0.001297
0.001259
0.001292
0.0012649999999999998
0.001266
0.0012980000000000001
0.001262
0.001294
0.001259
0.001292
0.001261
0.001266
0.0012929999999999999
0.001294
0.001261
0.001294
0.001259
0.001297
0.001264
0.001266
0.0012980000000000001
0.001261
0.001259
0.001297
0.00126
0.0012929999999999999
0.001262
0.001295
0.001261
0.0012929999999999999
0.001261
0.001294
0.00126
0.0012929999999999999
0.001261
0.001294
0.0012649999999999998
0.001297
0.001262
0.001261
0.001253
0.001258
0.0012549999999999998
0.001259
0.00125
0.001262
0.001251
0.001261
0.0012549999999999998
0.0012649999999999998
0.001252
0.0012569999999999999
0.001261
0.001252
0.0012629999999999998
0.0012490000000000001
0.001262
0.001254
0.0012629999999999998
0.001254
0.001259
0.0012549999999999998
0.0012649999999999998
0.00125
0.001261
0.001253
0.0012649999999999998
0.0012549999999999998
0.001259
0.001253
0.001266
0.0012569999999999999
0.00126
0.0012929999999999999
0.001262
0.001254
0.001259
0.001261
0.001258
0.001252
0.001262
0.001252
0.001256
0.001264
0.001253
0.0012629999999999998
0.0012549999999999998
0.001253
0.001259
0.001264
0.001252
0.001266
0.001252
0.001259
0.001254
0.0012629999999999998
0.0012549999999999998
0.0012629999999999998
0.00125
0.001253
0.0012629999999999998
0.001251
0.001262
0.001252
0.001252
0.001262
0.001254
0.001254
0.001259
0.00125
0.001259
0.001251
0.00126
0.001253
0.0012629999999999998
0.001254
0.001266
0.0012629999999999998
0.001253
0.001262
0.00125
0.001251
0.001261
0.001261
0.001253
0.0012649999999999998
0.001253
0.001254
0.001253
0.001259
0.00125
0.00126
0.001252
0.001251
0.001266
0.001253
0.001254
0.001258
0.0012569999999999999
0.001259
0.00125
0.001259
0.001251
0.001254
0.001262
0.00125
0.001261
0.001262
0.001254
0.001261
0.001253
0.0012649999999999998
0.001262
0.0012549999999999998
0.001261
0.001251
0.001261
0.0012629999999999998
0.001295
0.001261
0.0012980000000000001
0.001258
0.001296
0.00126
0.0012929999999999999
