7.5e-05
0.000216
0.00017199999999999998
0.00017999999999999998
0.00022600000000000002
0.00022600000000000002
0.000153
0.000195
0.00016700000000000002
0.00016700000000000002
0.000125
0.000128
0.00015900000000000002
0.00015900000000000002
0.000161
0.000203
0.000208
0.000164
0.000123
0.000199
0.000158
0.000157
0.00016800000000000002
0.000158
0.000203
0.00017199999999999998
0.000221
0.000223
0.00018099999999999998
0.00018099999999999998
0.000191
0.00016
0.00016700000000000002
0.000125
8.1e-05
0.00017999999999999998
0.00017999999999999998
0.000128
0.000114
0.000191
0.000185
0.000223
0.00022600000000000002
0.000222
0.00023
0.00023
0.00023
0.000215
0.000124
8.2e-05
7.7e-05
0.000155
0.000161
0.000161
0.00021799999999999999
0.000215
0.000213
0.000171
0.000174
0.000171
0.000131
0.000217
0.000213
0.000213
0.000174
0.000132
0.000206
0.000156
0.000166
0.000157
0.000194
0.00023
0.000241
0.000201
0.00011700000000000001
0.000166
0.000199
0.000166
0.00016800000000000002
0.000177
0.00020899999999999998
0.000132
0.00019800000000000002
0.000207
0.00027800000000000004
0.00027800000000000004
0.000241
0.000201
0.000111
0.000111
0.000202
0.000193
0.000212
0.000195
0.000195
0.00017199999999999998
0.000132
0.000211
0.000171
0.000225
0.00022
0.000175
0.000175
0.00016800000000000002
0.00013000000000000002
0.00017199999999999998
0.000132
0.000225
0.000228
0.000184
0.000188
0.000188
0.00017
0.000189
0.000107
0.00020899999999999998
0.000215
0.000221
0.00020999999999999998
0.000215
0.000177
0.00016800000000000002
0.00022600000000000002
0.00018099999999999998
0.000219
0.00017999999999999998
0.000177
0.000177
0.00020899999999999998
0.00017
0.00020899999999999998
0.000206
0.00016800000000000002
0.000122
0.000212
0.00020899999999999998
0.00016700000000000002
0.000166
0.000163
0.000163
0.000171
0.00017999999999999998
0.000235
0.000201
0.000116
0.000124
0.00019
0.000191
0.000183
0.000178
0.00016900000000000002
0.000205
0.000204
0.000164
0.000158
0.00011700000000000001
0.00011999999999999999
0.000199
0.00016800000000000002
0.000126
0.000199
0.000164
0.00022600000000000002
0.000207
0.000163
0.00011899999999999999
8.3e-05
0.000208
0.00023
0.00019600000000000002
0.00011300000000000001
0.000228
0.000228
4e-05
0.000157
0.000121
0.000206
0.000185
0.000228
0.000183
0.000187
0.000132
0.000214
0.00017299999999999998
0.000133
0.00020899999999999998
0.000164
0.000201
0.000206
0.000214
0.00017299999999999998
0.000132
0.000204
0.000163
0.000221
0.000215
0.000171
0.000134
0.000131
0.000128
0.00023899999999999998
0.000219
0.000179
0.000135
0.00013700000000000002
0.00017199999999999998
0.000213
0.00017299999999999998
0.000179
0.00013900000000000002
0.00013700000000000002
0.00013700000000000002
0.00020999999999999998
0.000217
0.000171
0.00020999999999999998
0.000184
0.000223
0.00014099999999999998
0.00013800000000000002
0.000132
0.00017299999999999998
0.000228
0.000224
0.000248
0.00014299999999999998
0.000102
0.000102
0.000131
0.000243
0.000186
0.000185
0.00017199999999999998
0.000176
0.000213
0.000224
0.000178
0.000216
0.00013900000000000002
0.000136
0.000211
0.000175
0.000135
0.000186
0.00020999999999999998
0.000171
0.000207
0.000224
0.000228
0.000186
0.00021799999999999999
0.000175
0.000211
0.000217
0.000176
0.000177
0.00017199999999999998
0.000224
0.000216
0.000176
0.000177
0.00017299999999999998
0.000134
0.000224
0.000185
0.00014199999999999998
0.00014000000000000001
0.000102
0.000211
0.000223
0.000232
0.000232
0.000195
0.000106
7.000000000000001e-05
7.000000000000001e-05
0.000184
0.000241
0.000199
0.000223
0.00018099999999999998
0.00017999999999999998
0.000219
0.00023799999999999998
0.00023799999999999998
0.000195
0.000155
0.000182
0.00021799999999999999
0.00022700000000000002
0.000231
0.000191
0.000222
0.00023400000000000002
0.00023400000000000002
0.00019600000000000002
0.00019600000000000002
0.000193
0.000156
0.00019600000000000002
0.00023799999999999998
0.00019600000000000002
0.00019600000000000002
0.00011300000000000001
0.000155
0.000154
0.000251
0.00022
0.000193
0.000149
0.00022600000000000002
0.000154
0.000222
0.00023999999999999998
0.000223
0.000187
0.000187
0.000201
0.000229
0.000225
0.000194
0.000185
0.000225
0.000225
0.000191
0.000147
0.000147
0.00014399999999999998
0.00022
0.00022
0.000192
0.000212
0.000212
0.000132
0.000252
0.000255
0.000212
0.000171
0.00022
0.000186
0.000193
0.000148
0.000148
0.00017999999999999998
0.00017999999999999998
0.00014299999999999998
0.000104
5.8e-05
8.3e-05
8.3e-05
0.000191
0.000246
0.000242
0.00019600000000000002
0.00019
0.00019600000000000002
0.00019600000000000002
0.000191
0.000193
