0.005053
0.005059999999999999
0.00505
0.0050620000000000005
0.00505
0.005058
0.005051
0.005058
0.005051
0.005055
0.005019999999999999
0.005019999999999999
0.005054
0.005016
0.005053
0.005017000000000001
0.00505
0.005017000000000001
0.00505
0.00505
0.005017000000000001
0.005012
0.005016
0.005009
0.005019
0.005009
0.005018
0.00501
0.005021
0.00501
0.005019
0.00501
0.005017000000000001
0.00501
0.005019
0.005011
0.005021
0.005011
0.005021
0.005011
0.005017000000000001
0.005009
0.005019
0.005008
0.005018
0.005011
0.005018
0.005014
0.005021
0.00501
0.005022
0.005012
0.005018
0.005012
0.0050149999999999995
0.005011
0.005019
0.00501
0.005016
0.005008
0.004979
0.005012
0.004978
0.005011
0.004979
0.005012
0.004976
0.005009
0.004973
0.005011
0.004978
0.004979
0.005011
0.0049770000000000005
0.004967
0.004976
0.00497
0.0049770000000000005
0.004967
0.004978
0.004969
0.00498
0.004969
0.00498
0.004969
0.004979
0.004972000000000001
0.004972000000000001
0.004971
0.004978
0.004974
0.004976
0.004971
0.004976
0.004959
0.004979
0.004971
0.004978
0.004968
0.004961999999999999
0.004978
0.004972000000000001
0.004969
0.004966
0.004978
0.004969
0.004978
0.004972000000000001
0.0049770000000000005
0.004968
0.00497
0.004974999999999999
0.004936
0.004969
0.004969
0.004934
0.004967
0.004971
0.004934
0.004967
0.004937
0.004936
0.0049299999999999995
0.004937
0.0049299999999999995
0.004932000000000001
0.004929
0.004932000000000001
0.004926
0.004934999999999999
0.004926
0.004934999999999999
0.004927
0.004937
0.004928
0.004934999999999999
0.004927
0.004939
0.004936
0.004927
0.004934999999999999
0.004937
0.004926
0.004934999999999999
0.004926
0.004934
0.0049299999999999995
0.004934999999999999
0.004909
0.004933
0.004928
0.004936
0.004927
0.004931
0.004939
0.004927
0.004894
0.004927
0.0048920000000000005
0.004886
0.004893
0.004886
0.004887
0.004881
0.004893
0.004883
0.004897
0.004915
0.004889999999999999
0.004898
0.004897
0.004884
0.004891
0.004893
0.004894
0.004884
0.004896
0.004887
0.004894999999999999
0.004888
0.004894
0.004882
0.004854
0.004887
0.004852
0.004884
0.004853
0.004886
0.004852
0.004885
0.004882
0.004849999999999999
0.004886
0.004849999999999999
0.004842
0.004851
0.004844
0.004849999999999999
0.004844
0.004851
0.004842
0.004856
0.004852
0.004855000000000001
0.004843
0.004852
0.004844
0.004853
0.004842
0.004854
0.004843
0.004853
0.004847000000000001
0.004843
0.004851
0.004842
0.004851
0.004842
0.004841
0.004852
0.004856
0.004849
0.004809
0.004842
0.004809
0.004842
0.00481
0.004843
0.00481
0.004843
0.0048449999999999995
0.004811
0.004801000000000001
0.004799
0.004812
0.00481
0.004802
0.004802
0.004812
0.0048
0.00481
0.004811
0.004813
0.004804999999999999
0.00481
0.0048
0.004812
0.004804999999999999
0.004812
0.004804
0.004802
0.004771
0.004768
0.004801000000000001
0.004767
0.0048
0.00477
0.004802
0.004764999999999999
0.004762
0.004756
0.004772
0.0047610000000000005
0.004771
0.004764
0.004769
0.0047610000000000005
0.004768
0.004759
0.004769
0.004767
0.004767
0.004757
0.00477
0.0047469999999999995
0.004758
0.004767
0.004759
0.004767
0.004759
0.004769
0.004762
0.004771
0.004759
0.0047599999999999995
0.00477
0.0047599999999999995
0.004767
0.004764
0.004769
0.0047599999999999995
0.004768
0.004759
0.00477
0.004759
0.004772
0.0047599999999999995
0.004726
0.004762
0.004726
0.004759
0.004725
0.004739
0.004732
0.004763
0.004729
0.0047610000000000005
0.004725
0.004762
0.004752
0.004716000000000001
0.004725
0.004719
0.004731
0.004719999999999999
0.004727
0.004745
0.004725
0.004721
0.004726
0.004718
0.004726
0.004724
0.004725
0.004713
0.004726
0.004726
0.004717
0.004729
0.004718
0.004717
0.004727
0.004716000000000001
0.004725
0.004724
0.004719999999999999
0.0047279999999999996
0.004716000000000001
0.0047279999999999996
0.0047220000000000005
0.004726
0.004716000000000001
0.004724
0.004715
0.004729
0.004715
0.004724
0.004723
0.004727
0.004724
0.004729
0.004719
0.004729
0.004719
0.004724
0.004719
0.004684
0.004717
0.004685
0.004721
0.004683
0.004716000000000001
0.004682
0.004719
0.004682
0.004719
0.0046879999999999995
0.004678
0.004685
0.004681
0.004686
0.004678
0.004686
0.004677
0.004685
0.004677
0.0046890000000000005
0.0046760000000000005
0.004685
0.004677
0.004683
0.004686
0.0046760000000000005
0.0046879999999999995
0.004678
0.004685
0.00468
0.004686
0.0047
0.004684
0.004681
0.004683
0.004674
0.004685
0.0046760000000000005
0.004684
0.0046760000000000005
0.004684
0.0046749999999999995
0.004687
0.004674
0.004684
0.004678
0.004684
0.0046760000000000005
0.004685
0.0046760000000000005
0.004685
0.004677
0.004682
0.00468
0.004685
0.004674
0.004683
0.004674
0.004683
0.004679
0.004645
0.004678
0.00464
0.004678
0.004645
0.004682
0.0046429999999999996
0.004679
0.0046429999999999996
0.0046760000000000005
0.004645
0.004634
0.004641
0.004636
0.004641
0.004632
0.004641
0.004636
0.004645
0.004639
0.004645
0.004632
0.0046429999999999996
0.00464
0.0046440000000000006
0.0046289999999999994
0.004641
0.0046289999999999994
0.004645
0.004633
0.004641
0.004633
0.0046440000000000006
0.004634
0.004647
0.004646
0.004637
0.004647999999999999
0.004634999999999999
0.004641
0.004634
0.004641
0.004634999999999999
0.004641
0.004632
0.004641
0.004632
0.0046440000000000006
0.004637
0.004645
0.004639
0.004642
0.004634
0.004645
0.004633
0.004645
0.0046040000000000005
0.004637
0.0046029999999999995
0.004636
0.004601
0.004633
0.0046029999999999995
0.004634999999999999
0.004602
0.004634
0.0046040000000000005
0.004596
0.004605000000000001
0.004595
0.0046
0.004592
0.004602
0.004594
0.004601
0.004607
0.004592
0.004601
0.004593
0.0046029999999999995
0.004594
0.004602
0.004595
0.004602
0.0046159999999999994
0.004605000000000001
0.004596
0.004602
0.004592
0.004592
0.004602
0.0046029999999999995
0.004595
0.0046029999999999995
0.004597
0.004594
0.004598
0.00456
0.004592
0.004564
0.004562
0.004575999999999999
0.00455
0.00456
0.004553
0.00456
0.004555
0.004562999999999999
0.004556
0.0045579999999999996
0.004562999999999999
0.004582
