.652
.452
.602
.466
.509
.408
.420
.445
.421
.469
.418
.425
.475
.417
.420
.451
.459
.590
.520
.445
.463
.423
.423
.444
.437
.458
.436
.422
.422
.422
.460
.426
.425
.427
.422
.454
.447
.427
.426
.465
.435
.433
.432
.433
.457
.438
.433
.448
.441
.457
.438
.433
.428
.469
.442
.440
.478
.436
.464
.458
.440
.444
.483
.442
.440
.442
.444
.470
.451
.445
.445
.463
.459
.445
.441
.441
.490
.463
.447
.439
.442
.472
.468
.449
.444
.472
.459
.450
.446
.446
.480
.451
.471
.451
.504
.458
.451
.447
.491
.452
