.950
.798
.781
.809
.793
.815
.790
.869
.823
.887
.830
.802
.786
.838
.807
.850
.824
.802
.830
.818
.848
.813
.822
.850
.825
.842
.817
.815
.921
.850
.861
.829
.825
.868
.857
.874
.841
.875
.944
.890
.895
.865
.890
.870
.902
.848
.865
.892
.875
.893
.861
.886
.871
.860
.879
.845
.882
.873
.870
.869
.849
.893
.859
.882
.893
.853
.903
.858
.891
.855
.904
.888
.855
.893
.890
.888
.875
.893
.877
.857
.900
.866
.907
.869
.892
.884
.871
.909
.878
.915
.866
.910
.885
.868
.927
.893
.909
.889
.912
.872
