1.368
1.143
1.159
1.117
1.177
1.163
1.179
1.140
1.230
1.187
1.165
1.193
1.261
1.205
1.228
1.377
1.276
1.213
1.252
1.215
1.184
1.220
1.204
1.246
1.243
1.210
1.243
1.218
1.254
1.247
1.223
1.273
1.224
1.248
1.259
1.237
1.299
1.281
1.269
1.315
1.232
1.264
1.271
1.303
1.292
1.228
1.276
1.271
1.286
1.283
1.230
1.288
1.344
1.249
1.278
1.238
1.275
1.287
1.247
1.348
1.306
1.241
1.286
1.250
1.407
1.309
1.336
1.382
1.408
1.273
1.353
1.465
1.352
1.303
1.712
1.388
1.705
1.552
1.876
1.670
1.750
1.446
1.663
1.661
1.636
1.608
1.594
1.378
1.431
1.700
1.354
1.654
1.412
1.651
1.703
1.468
1.659
1.387
1.655
1.451
