.289
.124
.121
.123
.122
.120
.124
.122
.160
.118
.119
.120
.119
.121
.120
.119
.118
.118
.118
.119
.122
.118
.119
.118
.118
.162
.121
.119
.118
.116
.180
.141
.119
.117
.118
.118
.118
.117
.118
.118
.120
.125
.148
.119
.117
.120
.118
.118
.134
.126
.124
.125
.121
.118
.117
.118
.124
.121
.173
.135
.116
.117
.125
.119
.117
.118
.117
.118
.118
.123
.120
.120
.124
.124
.118
.153
.119
.162
.138
.145
.125
.119
.121
.123
.118
.126
.121
.124
.126
.119
.123
.160
.118
.116
.117
.121
.120
.120
.119
.121
